38 38 38
16 16 16
75 75 75
61 61 61
70 70 70
29 29 29
41 41 41
36 36 36
52 52 52
27 27 27
15 15 15
62 62 62
54 54 54
79 79 79
70 70 70
18 18 18
38 38 38
33 33 33
60 60 60
58 65 63
74 73 74
54 54 54
33 33 33
30 30 30
68 68 68
80 79 79
37 37 37
84 84 84
35 35 35
12 12 12
49 49 49
20 20 20
24 24 24
22 22 22
75 75 75
46 46 46
74 74 74
40 40 40
36 36 36
62 62 62
40 40 40
44 43 43
53 53 53
60 60 60
43 43 43
60 60 60
62 62 62
36 36 36
31 31 31
42 42 42
11 11 11
43 43 43
44 44 44
45 45 45
63 63 63
61 61 61
52 52 52
55 47 55
51 51 51
41 41 41
26 26 26
28 26 30
24 24 24
24 24 24
55 55 55
36 36 36
61 61 61
54 55 56
34 34 34
74 74 74
63 63 63
53 53 53
49 49 49
65 65 65
40 40 40
28 28 28
63 63 63
65 65 65
66 66 66
48 48 48
