80
77 38 6 24 
3 17 34 10 
71 94 66 18 
84 58 49 85 
85 58 74 66 
23 46 23 93 
18 87 22 18 
10 97 8 44 
57 97 7 42 
63 3 19 56 
1 15 36 90 
56 52 82 24 
99 47 22 75 
86 65 91 15 
75 86 55 19 
18 8 32 57 
4 89 29 50 
73 20 12 55 
89 5 94 36 
98 37 53 3 
99 41 85 6 
36 41 90 21 
26 19 58 39 
6 2 87 51 
74 49 86 69 
88 78 74 4 
30 23 63 66 
87 80 87 20 
7 89 13 19 
22 15 5 81 
94 21 40 54 
48 4 14 68 
50 17 12 72 
17 23 31 88 
91 52 86 71 
40 21 82 81 
87 45 96 76 
39 44 40 87 
100 13 2 24 
74 48 69 73 
49 76 3 12 
27 53 54 5 
60 18 89 28 
99 24 65 32 
30 74 31 22 
59 38 90 16 
88 13 92 41 
77 18 18 42 
25 34 40 73 
4 63 64 91 
11 20 7 79 
10 84 43 32 
90 36 13 85 
30 68 44 84 
63 84 48 52 
35 70 84 93 
3 94 67 74 
31 93 36 3 
16 75 69 26 
77 22 29 88 
24 53 9 33 
29 45 12 3 
37 33 5 11 
32 42 3 10 
76 30 63 43 
68 35 13 55 
76 54 59 84 
92 51 26 5 
25 27 56 44 
65 70 92 7 
62 56 77 32 
96 19 50 31 
32 46 75 32 
42 81 76 8 
74 41 10 65 
19 63 8 22 
75 73 43 63 
75 95 32 40 
38 83 82 25 
27 95 25 28 
